0 2 71.0
0 4 2172.0
0 8 799.0
0 10 584.0
0 12 2111.0
1 2 503.0
1 7 1080.0
3 2 664.0
3 0 593.0
3 5 2633.0
3 6 1235.0
3 9 745.0
3 12 2704.0
3 14 2119.0
4 2 2101.0
4 0 2172.0
4 3 2765.0
4 6 4000.0
4 15 1496.0
4 18 3867.0
5 2 1969.0
5 6 3868.0
5 14 514.0
5 15 1364.0
5 19 3519.0
6 2 1899.0
6 4 4000.0
6 5 3868.0
6 7 3482.0
6 10 1244.0
6 11 4121.0
6 15 2504.0
7 0 1654.0
7 2 1583.0
7 4 518.0
7 6 3482.0
7 16 772.0
7 17 993.0
7 18 3349.0
7 19 3133.0
8 0 799.0
8 2 870.0
8 6 1029.0
8 7 2453.0
8 17 3446.0
9 2 81.0
9 5 1888.0
9 7 1502.0
9 14 1374.0
9 15 524.0
9 18 1847.0
9 19 1631.0
9 20 2353.0
9 21 300.0
9 23 976.0
10 1 1158.0
10 14 2110.0
10 16 3010.0
10 24 152.0
11 2 2222.0
11 5 253.0
11 7 639.0
11 8 3092.0
11 18 3988.0
11 24 3029.0
12 0 2111.0
12 6 3939.0
12 7 457.0
12 8 2910.0
12 11 182.0
12 21 2259.0
12 25 2357.0
13 2 1698.0
13 7 3281.0
13 14 3153.0
13 16 4053.0
13 18 68.0
13 19 148.0
13 21 1479.0
13 23 803.0
13 24 891.0
14 0 1526.0
14 2 1455.0
14 1 952.0
14 4 646.0
14 8 2325.0
14 21 1674.0
14 24 2262.0
14 27 2396.0
15 2 605.0
15 4 1496.0
15 8 1475.0
15 11 1617.0
15 12 1435.0
15 17 1971.0
15 20 2877.0
15 22 1965.0
15 26 799.0
15 27 1546.0
16 2 2355.0
16 4 254.0
16 6 4254.0
16 10 3010.0
16 17 221.0
16 21 2574.0
16 25 2672.0
17 2 2576.0
17 3 3240.0
17 10 3231.0
17 11 354.0
17 15 1971.0
17 19 4126.0
17 24 3383.0
18 2 1766.0
18 3 1102.0
18 7 3349.0
18 8 896.0
18 15 2371.0
18 21 1547.0
18 23 871.0
18 27 825.0
19 2 1550.0
19 4 3651.0
19 14 3005.0
19 15 2155.0
19 16 3905.0
19 18 216.0
19 22 4120.0
19 26 1356.0
20 2 2272.0
20 10 1617.0
20 11 4494.0
20 15 2877.0
20 17 4848.0
20 19 722.0
20 24 1465.0
20 27 1331.0
20 29 154.0
21 2 219.0
21 6 1680.0
21 7 1802.0
21 10 436.0
21 13 1479.0
21 28 2755.0
21 29 1899.0
21 30 794.0
21 31 574.0
22 10 3225.0
22 11 348.0
22 14 1115.0
22 17 6.0
22 18 4336.0
22 19 4120.0
22 23 3465.0
22 28 34.0
22 29 4688.0
22 31 3363.0
22 35 4222.0
22 36 3743.0
23 12 2935.0
23 14 2350.0
23 15 1500.0
23 16 3250.0
23 19 655.0
23 22 3465.0
23 24 88.0
23 26 701.0
23 27 46.0
23 30 118.0
23 36 278.0
23 37 1314.0
24 10 152.0
24 13 891.0
24 18 959.0
24 19 743.0
24 22 3377.0
24 23 88.0
24 27 134.0
24 29 1311.0
24 37 1226.0
24 38 1240.0
25 15 922.0
25 16 2672.0
25 18 1449.0
25 26 123.0
25 30 696.0
25 31 476.0
25 33 2577.0
25 36 856.0
25 38 750.0
25 39 1759.0
26 15 799.0
26 20 2078.0
26 25 123.0
26 29 1924.0
26 30 819.0
26 31 599.0
26 33 2454.0
26 39 1636.0
26 40 2333.0
27 12 2981.0
27 14 2396.0
27 19 609.0
27 23 46.0
27 28 3477.0
27 30 72.0
27 33 3201.0
27 41 1560.0
28 14 1081.0
28 20 4808.0
28 21 2755.0
28 29 4654.0
28 36 3709.0
28 40 397.0
29 2 2118.0
29 21 1899.0
29 22 4688.0
29 24 1311.0
29 25 1801.0
29 33 4378.0
29 34 1592.0
29 35 466.0
29 38 2551.0
29 41 2737.0
30 16 3368.0
30 19 537.0
30 41 1632.0
31 16 3148.0
31 37 1212.0
31 39 2235.0
31 43 895.0
32 17 1291.0
32 19 2835.0
32 20 3557.0
32 26 1479.0
32 27 2226.0
32 30 2298.0
32 36 2458.0
32 46 170.0
33 21 2479.0
33 24 3067.0
33 25 2577.0
33 26 2454.0
33 27 3201.0
33 30 3273.0
33 31 3053.0
33 32 975.0
33 39 818.0
33 41 1641.0
34 19 1024.0
34 20 1746.0
34 21 307.0
34 24 281.0
34 26 332.0
34 27 415.0
34 32 1811.0
34 37 945.0
34 38 959.0
34 40 2665.0
34 45 764.0
35 25 1335.0
35 26 1458.0
35 27 711.0
35 32 2937.0
35 33 3912.0
35 40 3791.0
35 44 1298.0
35 46 3107.0
36 21 954.0
36 24 366.0
36 30 160.0
36 35 479.0
36 39 2615.0
36 40 3312.0
36 41 1792.0
36 46 2628.0
36 48 1872.0
36 49 263.0
36 50 610.0
37 23 1314.0
37 24 1226.0
37 25 736.0
37 27 1360.0
37 29 2537.0
37 31 1212.0
37 34 945.0
37 35 2071.0
37 39 1023.0
37 41 200.0
37 42 269.0
37 43 317.0
37 44 773.0
37 45 1709.0
37 51 2148.0
38 23 1328.0
38 25 750.0
38 26 627.0
38 27 1374.0
38 31 1226.0
38 34 959.0
38 40 1706.0
38 41 186.0
38 43 331.0
38 48 266.0
38 50 996.0
39 24 2249.0
39 29 3560.0
39 34 1968.0
39 35 3094.0
39 40 697.0
39 42 754.0
39 47 3599.0
40 29 4257.0
40 33 121.0
40 36 3312.0
40 38 1706.0
40 41 1520.0
40 43 2037.0
40 47 4296.0
40 48 1440.0
40 50 2702.0
40 54 4339.0
41 26 813.0
41 30 1632.0
41 40 1520.0
41 43 517.0
41 46 836.0
41 51 1948.0
41 52 1450.0
42 27 1629.0
42 28 1848.0
42 29 2806.0
42 31 1481.0
42 35 2340.0
42 39 754.0
42 46 767.0
42 50 1251.0
42 51 1879.0
42 53 2196.0
43 30 1115.0
43 46 1353.0
43 50 665.0
43 56 1432.0
43 57 1075.0
44 32 1639.0
44 37 773.0
44 38 787.0
44 45 936.0
44 46 1809.0
44 50 209.0
45 31 497.0
45 39 2732.0
45 51 3857.0
45 56 40.0
46 33 805.0
46 37 1036.0
46 38 1022.0
46 42 767.0
46 47 3612.0
46 50 2018.0
46 52 2286.0
46 53 2963.0
46 56 2785.0
47 32 3442.0
47 40 4296.0
47 41 2776.0
47 42 2845.0
47 52 1326.0
47 57 3334.0
47 58 4666.0
47 59 4333.0
48 35 2351.0
48 39 743.0
48 43 597.0
48 44 1053.0
48 47 2856.0
48 58 1810.0
48 59 1477.0
48 61 1120.0
49 36 263.0
49 37 1855.0
49 42 2124.0
49 56 106.0
49 62 2983.0
50 43 665.0
50 45 727.0
50 52 268.0
50 53 945.0
50 57 1740.0
50 59 2739.0
50 63 776.0
50 64 2142.0
51 41 1948.0
51 47 4724.0
51 52 3398.0
51 54 4767.0
51 57 1390.0
51 58 58.0
51 59 391.0
51 64 988.0
52 37 1250.0
52 43 933.0
52 44 477.0
52 49 605.0
52 51 3398.0
53 39 2950.0
53 45 218.0
53 54 692.0
53 55 308.0
53 58 4017.0
53 63 169.0
53 65 2866.0
53 66 1004.0
53 67 2536.0
54 40 4339.0
54 47 43.0
54 49 764.0
54 50 1637.0
54 57 3377.0
54 58 4709.0
54 63 861.0
54 64 3779.0
54 66 1696.0
55 41 1819.0
55 47 957.0
55 48 1899.0
55 60 3094.0
55 64 2779.0
55 65 2558.0
55 67 2228.0
55 68 1785.0
56 43 1432.0
56 47 827.0
56 52 499.0
56 60 3224.0
56 61 909.0
56 62 2877.0
56 63 9.0
56 65 2688.0
56 67 2358.0
57 44 1531.0
57 47 3334.0
57 50 1740.0
57 54 3377.0
57 58 1332.0
57 66 1681.0
57 71 1099.0
58 44 2863.0
58 45 3799.0
58 48 1810.0
58 51 58.0
58 67 1481.0
58 69 3231.0
59 44 2530.0
59 47 4333.0
59 49 3612.0
59 51 391.0
59 52 3007.0
59 53 3684.0
59 58 333.0
59 68 1591.0
59 72 3575.0
59 73 2062.0
60 45 3184.0
60 46 439.0
60 48 1195.0
60 49 3330.0
60 52 2725.0
60 54 4094.0
60 62 347.0
60 73 1780.0
61 46 1876.0
61 54 1779.0
61 59 2597.0
61 63 918.0
61 71 499.0
62 56 2877.0
62 59 629.0
62 63 2886.0
62 64 32.0
62 67 519.0
62 69 2269.0
62 73 1433.0
63 50 776.0
63 52 508.0
63 53 169.0
63 55 139.0
63 59 3515.0
63 61 918.0
63 62 2886.0
63 67 2367.0
63 68 1924.0
63 69 617.0
63 71 1417.0
63 72 60.0
63 76 692.0
64 50 2142.0
64 51 988.0
64 54 3779.0
64 63 2918.0
64 67 551.0
65 57 181.0
65 58 1151.0
65 66 1862.0
65 74 2807.0
65 77 1805.0
65 79 754.0
66 51 3071.0
66 53 1004.0
66 56 826.0
66 58 3013.0
66 65 1862.0
66 72 895.0
66 73 618.0
66 74 945.0
66 78 1224.0
66 80 1631.0
67 52 1859.0
67 56 2358.0
67 57 149.0
67 61 1449.0
67 62 519.0
67 64 551.0
67 65 330.0
67 70 1037.0
67 71 950.0
67 72 2427.0
67 78 2756.0
67 80 99.0
67 81 435.0
68 61 1006.0
68 64 994.0
68 66 1089.0
68 70 594.0
68 73 471.0
68 76 2616.0
68 78 2313.0
69 54 1478.0
69 56 608.0
69 58 3231.0
69 59 2898.0
69 60 2616.0
69 65 2080.0
69 67 1750.0
69 70 713.0
69 76 1309.0
69 77 275.0
69 78 1006.0
69 80 1849.0
70 55 1191.0
70 59 2185.0
70 61 412.0
70 62 1556.0
70 66 495.0
70 72 1390.0
70 75 1885.0
70 76 2022.0
70 77 438.0
70 79 2121.0
70 80 1136.0
70 83 731.0
71 56 1408.0
71 57 1099.0
71 60 1816.0
71 65 1280.0
71 72 1477.0
71 75 1972.0
71 76 2109.0
71 80 1049.0
71 84 2100.0
72 58 3908.0
72 60 3293.0
72 63 60.0
72 66 895.0
72 68 1984.0
72 75 495.0
72 76 632.0
72 77 952.0
72 80 2526.0
72 86 2156.0
73 61 535.0
73 68 471.0
73 71 36.0
73 72 1513.0
73 74 1563.0
73 77 561.0
73 78 1842.0
73 81 479.0
73 83 854.0
73 84 2064.0
73 85 2179.0
74 68 2034.0
74 72 50.0
74 76 582.0
74 78 279.0
74 79 3561.0
74 81 2042.0
74 83 709.0
74 87 3532.0
75 62 3441.0
75 64 3473.0
75 66 1390.0
75 72 495.0
75 77 1447.0
75 78 166.0
75 79 4006.0
75 85 171.0
75 87 3977.0
75 89 2770.0
76 61 1610.0
76 62 3578.0
76 70 2022.0
76 71 2109.0
76 75 137.0
76 79 4143.0
76 90 1111.0
77 64 2026.0
77 71 525.0
77 76 1584.0
77 78 1281.0
77 81 1040.0
77 86 1204.0
78 67 2756.0
78 70 1719.0
78 73 1842.0
78 80 2855.0
79 65 754.0
79 69 2834.0
79 70 2121.0
79 72 3511.0
79 74 3561.0
79 77 2559.0
79 83 2852.0
79 87 29.0
79 89 1236.0
79 91 1182.0
79 93 78.0
80 65 231.0
80 69 1849.0
80 71 1049.0
80 75 3021.0
80 76 3158.0
80 81 534.0
80 84 1051.0
80 88 1047.0
80 89 251.0
80 91 197.0
81 66 1097.0
81 67 435.0
81 68 8.0
81 74 2042.0
81 75 2487.0
81 77 1040.0
81 80 534.0
81 86 164.0
81 87 1490.0
81 88 513.0
81 90 1513.0
82 69 1619.0
82 74 2346.0
82 79 1215.0
82 81 304.0
82 83 1637.0
82 84 1281.0
82 85 2962.0
82 88 817.0
82 89 21.0
82 90 1817.0
82 93 1293.0
83 68 1325.0
83 69 18.0
83 72 659.0
83 74 709.0
83 75 1154.0
83 76 1291.0
83 80 1867.0
83 81 1333.0
83 91 1670.0
83 92 1687.0
83 94 1914.0
83 95 1908.0
83 96 2727.0
84 73 2064.0
84 75 4072.0
84 80 1051.0
84 81 1585.0
84 82 1281.0
84 83 2918.0
84 93 12.0
84 96 191.0
84 97 1664.0
85 72 666.0
85 75 171.0
85 77 1618.0
85 80 3192.0
85 81 2658.0
85 82 2962.0
85 83 1325.0
85 86 2822.0
85 88 2145.0
85 93 4255.0
85 95 3233.0
85 97 2579.0
85 99 4684.0
86 72 2156.0
86 73 643.0
86 77 1204.0
86 78 2485.0
86 80 370.0
86 82 140.0
86 87 1326.0
86 92 190.0
86 94 417.0
86 95 411.0
87 88 2003.0
87 91 1153.0
87 93 107.0
87 96 96.0
87 97 1569.0
88 81 513.0
88 83 820.0
88 86 677.0
88 87 2003.0
88 89 796.0
88 90 1000.0
88 91 850.0
88 93 2110.0
88 96 1907.0
89 74 2325.0
89 77 1323.0
89 79 1236.0
89 84 1302.0
89 90 1796.0
89 96 1111.0
89 98 1897.0
89 99 1743.0
89 100 1325.0
89 101 2150.0
90 77 473.0
90 82 1817.0
90 85 1145.0
90 86 1677.0
90 97 1434.0
90 98 101.0
90 101 354.0
90 102 2413.0
90 103 326.0
91 77 1377.0
91 78 2658.0
91 85 2995.0
91 90 1850.0
91 93 1260.0
91 96 1057.0
91 104 2129.0
92 78 2675.0
92 81 354.0
92 82 50.0
92 89 71.0
92 93 1243.0
92 96 1040.0
92 98 1968.0
92 101 2221.0
93 78 3918.0
93 79 78.0
93 84 12.0
93 86 1433.0
93 91 1260.0
93 97 1676.0
93 103 3436.0
94 83 1914.0
94 85 3239.0
94 86 417.0
94 87 909.0
94 88 1094.0
94 89 298.0
94 90 2094.0
94 95 6.0
94 96 813.0
94 104 2373.0
95 87 915.0
95 88 1088.0
95 91 238.0
95 96 819.0
95 99 1451.0
95 100 1617.0
95 103 2414.0
96 86 1230.0
96 88 1907.0
96 89 1111.0
96 90 2907.0
96 93 203.0
96 95 819.0
96 97 1473.0
96 105 1171.0
96 107 3864.0
96 108 521.0
97 82 383.0
97 84 1664.0
97 89 362.0
97 95 654.0
97 100 963.0
97 103 1760.0
97 106 49.0
97 109 754.0
98 84 3199.0
98 86 1778.0
98 94 2195.0
98 102 2514.0
98 103 225.0
98 104 178.0
98 105 1837.0
98 110 577.0
99 86 1862.0
99 87 536.0
99 90 3539.0
99 97 2105.0
99 107 4496.0
100 86 1206.0
100 95 1617.0
100 96 2436.0
100 101 825.0
100 103 797.0
100 107 1428.0
100 109 209.0
100 111 987.0
101 90 354.0
101 91 2204.0
101 98 253.0
101 100 825.0
101 107 603.0
101 113 160.0
102 87 590.0
102 91 563.0
102 95 325.0
102 96 494.0
102 103 2739.0
102 104 2692.0
102 109 1733.0
102 114 901.0
103 89 2122.0
103 92 2193.0
103 95 2414.0
103 99 3865.0
103 101 28.0
103 113 132.0
103 115 1748.0
104 96 3186.0
104 99 3818.0
104 100 750.0
104 102 2692.0
104 103 47.0
104 105 2015.0
104 106 1762.0
104 107 678.0
104 110 755.0
104 114 3593.0
105 91 114.0
105 94 358.0
105 104 2015.0
105 114 1578.0
105 116 1799.0
106 91 367.0
106 93 1627.0
106 94 611.0
106 101 1837.0
106 102 930.0
106 103 1809.0
106 109 803.0
106 113 1677.0
106 115 61.0
106 116 1546.0
107 93 4067.0
107 95 3045.0
107 97 2391.0
107 101 603.0
107 102 3370.0
107 103 631.0
107 109 1637.0
107 116 894.0
107 120 4107.0
108 93 318.0
108 98 3529.0
108 103 3754.0
108 104 3707.0
108 110 2952.0
108 114 114.0
108 117 3276.0
109 94 1414.0
109 95 1408.0
109 97 754.0
109 99 2859.0
109 101 1034.0
109 104 959.0
109 113 874.0
109 114 2634.0
109 117 528.0
109 120 2470.0
109 122 129.0
110 106 1007.0
110 111 982.0
110 112 1908.0
110 115 946.0
110 117 324.0
110 119 822.0
110 120 2674.0
110 121 856.0
110 123 1255.0
111 98 1559.0
111 103 1784.0
111 106 25.0
111 112 926.0
111 115 36.0
111 117 1306.0
111 121 126.0
111 123 273.0
111 124 1618.0
112 97 950.0
112 99 1155.0
112 100 1913.0
112 107 3341.0
112 109 1704.0
112 111 926.0
112 113 2578.0
112 114 930.0
112 117 2232.0
113 98 93.0
113 100 665.0
113 105 1930.0
113 106 1677.0
113 108 3622.0
113 120 3344.0
113 121 1526.0
113 122 1003.0
113 124 3270.0
114 99 225.0
114 100 2843.0
114 101 3668.0
114 103 3640.0
114 107 4271.0
114 115 1892.0
114 116 3377.0
114 118 1932.0
114 119 2016.0
114 122 2505.0
114 124 238.0
114 127 1502.0
115 101 1776.0
115 103 1748.0
115 105 314.0
115 109 742.0
115 110 946.0
115 113 1616.0
115 117 1270.0
115 119 124.0
115 123 309.0
115 127 390.0
115 128 234.0
116 108 3491.0
116 110 539.0
116 111 1521.0
116 112 2447.0
116 115 1485.0
116 118 1445.0
116 122 872.0
116 123 1794.0
116 124 3139.0
116 125 3448.0
116 129 2189.0
117 105 1584.0
117 113 346.0
117 114 3162.0
117 116 215.0
117 125 3233.0
117 126 2464.0
118 105 354.0
118 107 2339.0
118 110 906.0
118 113 1576.0
118 115 40.0
118 117 1230.0
118 123 349.0
118 127 430.0
118 128 274.0
118 129 744.0
118 131 108.0
119 104 1577.0
119 106 185.0
119 109 618.0
119 110 822.0
119 118 84.0
119 120 1852.0
119 121 34.0
119 125 2087.0
119 128 358.0
119 130 1944.0
119 133 800.0
120 111 1692.0
120 113 3344.0
120 119 1852.0
120 123 1419.0
120 125 235.0
120 127 1338.0
120 129 1024.0
121 107 2289.0
121 111 126.0
121 114 1982.0
121 115 90.0
121 117 1180.0
121 120 1818.0
121 131 158.0
121 132 1411.0
121 134 1601.0
122 110 333.0
122 115 613.0
122 123 922.0
122 125 2576.0
122 126 1807.0
122 134 2124.0
122 135 2079.0
123 110 1255.0
123 111 273.0
123 115 309.0
123 116 1794.0
123 118 349.0
123 119 433.0
123 120 1419.0
123 122 922.0
123 124 1345.0
123 125 1654.0
123 126 885.0
123 132 1012.0
123 133 1233.0
123 135 3001.0
124 111 1618.0
124 112 692.0
124 117 2924.0
124 118 1694.0
124 120 74.0
124 122 2267.0
124 134 143.0
125 113 3579.0
125 116 3448.0
125 117 3233.0
125 118 2003.0
125 120 235.0
125 121 2053.0
125 124 309.0
125 128 1729.0
125 130 143.0
125 131 1895.0
125 135 4655.0
125 139 4471.0
126 111 1158.0
126 118 1234.0
126 119 1318.0
126 121 1284.0
126 123 885.0
126 124 460.0
126 127 804.0
126 128 960.0
127 113 2006.0
127 114 1502.0
127 116 1875.0
127 122 1003.0
127 123 81.0
127 126 804.0
127 129 314.0
127 130 1430.0
127 133 1314.0
127 134 1121.0
127 137 1597.0
128 116 1719.0
128 118 274.0
128 119 358.0
128 121 324.0
128 122 847.0
128 123 75.0
128 125 1729.0
128 126 960.0
128 129 470.0
128 130 1586.0
128 136 1917.0
128 141 3082.0
128 142 1670.0
129 114 1188.0
129 117 1974.0
129 118 744.0
129 120 1024.0
129 126 490.0
129 130 1116.0
129 131 636.0
129 132 617.0
129 133 1628.0
129 136 2387.0
129 140 229.0
129 142 2140.0
129 143 3132.0
130 115 1820.0
130 118 1860.0
130 122 2433.0
130 123 1511.0
130 126 626.0
130 128 1586.0
130 133 2744.0
130 134 309.0
130 136 3503.0
130 138 3736.0
131 116 1553.0
131 117 1338.0
131 119 192.0
131 121 158.0
131 122 681.0
131 123 241.0
131 127 322.0
131 132 1253.0
131 136 1751.0
131 140 865.0
131 145 641.0
132 117 2591.0
132 122 1934.0
132 124 333.0
132 126 127.0
132 136 3004.0
132 139 3829.0
132 141 4169.0
132 143 3749.0
132 146 130.0
133 121 834.0
133 122 311.0
133 123 1233.0
133 130 2744.0
133 132 2245.0
133 136 759.0
133 137 2911.0
133 139 1584.0
133 140 1857.0
133 141 1924.0
133 142 512.0
133 146 2115.0
134 120 217.0
134 121 1601.0
134 122 2124.0
134 126 317.0
134 127 1121.0
134 130 309.0
134 132 190.0
134 133 2435.0
134 139 4019.0
134 140 578.0
134 141 4359.0
134 145 2084.0
134 146 320.0
134 147 4048.0
135 121 2602.0
135 130 4512.0
135 131 2760.0
135 133 1768.0
135 134 4203.0
135 136 1009.0
135 137 4679.0
135 143 264.0
135 145 2119.0
135 146 3883.0
135 148 558.0
135 149 3836.0
136 121 1593.0
136 123 1992.0
136 124 3337.0
136 125 3646.0
136 130 3503.0
136 132 3004.0
136 147 854.0
136 149 2827.0
137 131 1919.0
137 139 4495.0
137 145 2560.0
137 148 4121.0
137 149 843.0
138 127 2306.0
138 134 3427.0
138 136 233.0
138 143 512.0
138 145 1343.0
138 148 218.0
139 143 80.0
139 145 1935.0
139 146 3699.0
139 148 374.0
139 150 2801.0
139 152 4230.0
140 127 543.0
140 129 229.0
140 130 887.0
140 134 578.0
140 137 1054.0
140 146 258.0
140 150 640.0
140 154 605.0
141 132 4169.0
141 135 156.0
141 136 1165.0
141 140 3781.0
141 142 1412.0
141 144 1429.0
141 150 3141.0
141 155 3107.0
142 130 3256.0
142 131 1504.0
142 132 2757.0
142 133 512.0
142 138 480.0
142 140 2369.0
142 145 863.0
142 148 698.0
142 150 1729.0
142 152 3158.0
142 155 1695.0
143 133 1504.0
143 136 745.0
143 139 80.0
143 146 3619.0
143 147 109.0
143 155 2687.0
143 156 79.0
144 129 2123.0
144 132 2740.0
144 137 3406.0
144 140 2352.0
144 142 17.0
144 145 846.0
144 149 2563.0
144 152 3141.0
144 155 1678.0
145 131 641.0
145 134 2084.0
145 136 1110.0
145 137 2560.0
145 139 1935.0
145 141 2275.0
145 143 1855.0
145 149 1717.0
145 150 866.0
145 157 884.0
146 131 1123.0
146 147 3728.0
146 156 3540.0
146 158 1141.0
147 139 29.0
147 140 3470.0
147 145 1964.0
147 148 403.0
147 156 188.0
147 159 4359.0
148 140 3067.0
148 141 714.0
148 143 294.0
148 147 403.0
148 149 3278.0
148 158 2184.0
148 159 3956.0
148 160 272.0
148 162 1037.0
149 134 367.0
149 135 3836.0
149 136 2827.0
149 138 3060.0
149 144 2563.0
149 147 3681.0
149 150 851.0
149 159 678.0
149 162 2241.0
149 163 2117.0
150 143 2721.0
150 147 2830.0
150 149 851.0
150 155 34.0
150 156 2642.0
150 162 1390.0
151 140 254.0
151 142 2623.0
151 146 4.0
151 147 3724.0
151 154 351.0
151 155 928.0
151 157 2644.0
151 161 3009.0
152 137 265.0
152 139 4230.0
152 141 4570.0
152 144 3141.0
152 158 1672.0
152 165 3931.0
153 144 2350.0
153 146 260.0
153 148 3065.0
153 149 213.0
153 159 891.0
153 163 1904.0
153 166 449.0
154 143 3966.0
154 145 2111.0
154 148 3672.0
154 155 1279.0
154 156 3887.0
154 158 1488.0
154 159 284.0
154 161 3360.0
154 162 2635.0
154 166 1056.0
154 167 378.0
155 140 674.0
155 141 3107.0
155 142 1695.0
155 144 1678.0
155 145 832.0
155 148 2393.0
155 154 1279.0
155 161 2081.0
156 142 913.0
156 144 930.0
156 146 3540.0
156 148 215.0
156 150 2642.0
156 153 3280.0
156 154 3887.0
156 161 527.0
156 165 140.0
156 166 2831.0
157 143 971.0
157 149 2601.0
157 156 892.0
157 159 3279.0
157 164 3375.0
157 171 2467.0
158 145 623.0
158 146 1141.0
158 147 2587.0
158 148 2184.0
158 153 881.0
158 163 1023.0
158 164 1868.0
158 166 432.0
158 167 1110.0
158 172 42.0
159 166 1340.0
159 167 662.0
159 171 812.0
160 152 4128.0
160 154 3944.0
160 158 2456.0
160 168 2434.0
160 173 2848.0
161 147 715.0
161 150 2115.0
161 152 3544.0
161 156 527.0
161 157 365.0
161 159 3644.0
161 160 584.0
161 163 849.0
161 166 2304.0
161 168 1850.0
161 170 34.0
162 147 1440.0
162 150 1390.0
162 152 2819.0
162 153 2028.0
162 154 2635.0
162 157 360.0
162 163 124.0
162 165 1112.0
162 166 1579.0
162 176 1498.0
163 154 2511.0
163 159 2795.0
163 162 124.0
163 165 1236.0
163 174 2140.0
163 177 1946.0
164 150 1625.0
164 152 196.0
164 153 987.0
164 159 96.0
164 160 4324.0
164 161 3740.0
164 170 3706.0
164 174 751.0
164 175 78.0
165 158 2259.0
165 163 1236.0
165 164 4127.0
165 167 3369.0
165 171 3219.0
165 172 2301.0
165 176 2610.0
165 177 3182.0
165 179 269.0
166 153 449.0
166 154 1056.0
166 155 223.0
166 157 1939.0
166 159 1340.0
166 160 2888.0
166 162 1579.0
166 168 454.0
166 172 390.0
166 173 40.0
166 179 2960.0
167 152 562.0
167 153 229.0
167 160 3566.0
167 161 2982.0
167 163 2133.0
167 165 3369.0
167 166 678.0
167 172 1068.0
167 173 718.0
167 174 7.0
167 175 836.0
168 156 2377.0
168 160 2434.0
168 163 1001.0
168 180 194.0
169 154 373.0
169 156 4260.0
169 158 1861.0
169 163 2884.0
169 167 751.0
169 176 1510.0
169 177 938.0
169 178 2871.0
169 181 164.0
169 183 1817.0
170 156 561.0
170 158 1838.0
170 162 691.0
170 165 421.0
170 167 2948.0
170 168 1816.0
170 172 1880.0
170 173 2230.0
170 174 2955.0
170 177 2761.0
170 178 828.0
170 181 3863.0
171 157 2467.0
171 158 960.0
171 163 1983.0
171 165 3219.0
171 178 1970.0
171 180 1176.0
171 181 1065.0
172 163 1065.0
172 167 1068.0
172 170 1880.0
172 173 350.0
172 176 309.0
172 185 5.0
173 158 392.0
173 161 2264.0
173 162 1539.0
173 169 1469.0
173 177 531.0
173 178 1402.0
173 180 608.0
173 181 1633.0
173 182 450.0
173 183 348.0
173 186 1575.0
174 160 3573.0
174 164 751.0
174 165 3376.0
174 168 1139.0
174 177 194.0
174 181 908.0
174 182 1175.0
174 186 2300.0
174 187 3493.0
174 188 73.0
175 161 3818.0
175 167 836.0
175 168 1968.0
175 169 85.0
175 171 986.0
175 173 1554.0
175 174 829.0
175 176 1595.0
175 180 2162.0
175 181 79.0
175 182 2004.0
175 187 4322.0
176 164 1517.0
176 166 81.0
176 167 759.0
176 169 1510.0
176 170 2189.0
176 175 1595.0
176 178 1361.0
176 179 2879.0
176 180 567.0
176 183 307.0
176 184 442.0
176 186 1534.0
176 187 2727.0
177 163 1946.0
177 165 3182.0
177 166 491.0
177 170 2761.0
177 178 1933.0
177 181 1102.0
177 182 981.0
177 185 876.0
177 191 1191.0
178 163 13.0
178 167 2120.0
178 172 1052.0
178 174 2127.0
178 191 742.0
179 165 269.0
179 167 3638.0
179 170 690.0
179 183 2572.0
179 187 152.0
179 188 3718.0
179 191 2260.0
179 192 3359.0
180 166 648.0
180 167 1326.0
180 174 1333.0
180 178 794.0
180 183 260.0
180 185 263.0
180 186 967.0
180 188 1406.0
180 193 1607.0
181 166 1593.0
181 167 915.0
181 176 1674.0
181 179 4553.0
181 183 1981.0
181 185 1978.0
181 186 3208.0
181 187 4401.0
181 191 2293.0
181 195 1228.0
182 168 36.0
182 171 1018.0
182 172 100.0
182 179 2470.0
182 180 158.0
182 185 105.0
182 187 2318.0
182 194 99.0
182 196 213.0
183 168 66.0
183 169 1817.0
183 175 1902.0
183 181 1981.0
183 182 102.0
183 186 1227.0
183 187 2420.0
183 189 1865.0
183 191 312.0
183 194 3.0
184 171 1051.0
184 173 483.0
184 174 1208.0
184 176 442.0
184 179 2437.0
184 186 1092.0
184 187 2285.0
184 189 2000.0
184 191 177.0
185 171 913.0
185 180 263.0
185 182 105.0
185 183 3.0
185 188 1143.0
185 189 1862.0
185 191 315.0
185 195 750.0
186 176 1534.0
186 178 173.0
186 181 3208.0
186 183 1227.0
186 184 1092.0
186 187 1193.0
186 189 3092.0
186 193 2574.0
186 196 912.0
186 198 830.0
186 199 987.0
187 172 2418.0
187 178 1366.0
187 179 152.0
187 190 610.0
187 191 2108.0
187 192 3207.0
187 193 3767.0
188 177 267.0
188 180 1406.0
188 183 1146.0
188 189 719.0
188 190 2956.0
188 193 201.0
188 194 1149.0
188 197 226.0
188 199 1386.0
189 174 792.0
189 175 37.0
189 180 2125.0
189 184 2000.0
189 186 3092.0
189 188 719.0
189 195 1112.0
189 196 2180.0
189 197 493.0
190 175 3712.0
190 177 2689.0
190 184 1675.0
190 189 3675.0
190 195 2563.0
190 198 1413.0
191 182 210.0
191 188 1458.0
191 189 2177.0
191 194 309.0
191 198 85.0
191 199 72.0
192 178 1841.0
192 179 3359.0
192 193 560.0
192 195 34.0
192 197 585.0
193 190 3157.0
193 194 1350.0
193 195 594.0
194 180 257.0
194 195 756.0
194 197 1375.0
194 198 394.0
194 199 237.0
195 183 753.0
195 186 1980.0
195 187 3173.0
195 190 2563.0
195 194 756.0
195 198 1150.0
196 187 2105.0
196 189 2180.0
196 190 1495.0
196 191 3.0
196 193 1662.0
196 198 82.0
196 199 75.0
198 183 397.0
198 184 262.0
198 185 400.0
198 188 1543.0
198 189 2262.0
198 192 1184.0
198 193 1744.0
198 195 1150.0
198 197 1769.0
198 199 157.0
199 184 105.0
199 186 987.0
199 192 1027.0
199 194 237.0
