0 3 905.0
0 5 4019.0
0 6 528.0
0 10 784.0
0 13 1475.0
0 16 407.0
0 17 203.0
0 20 3926.0
0 23 841.0
0 29 2339.0
0 30 814.0
0 32 1377.0
0 35 93.0
0 36 62.0
0 37 3443.0
0 42 428.0
0 44 2266.0
1 6 2906.0
1 10 1594.0
1 12 3106.0
1 13 903.0
1 15 1581.0
1 29 39.0
1 31 715.0
1 36 2316.0
1 37 1065.0
1 45 1083.0
2 8 1642.0
2 13 345.0
2 14 1159.0
2 21 2758.0
2 25 2038.0
2 36 1068.0
2 37 2313.0
2 41 2056.0
2 45 165.0
3 1 1473.0
3 4 293.0
3 5 3114.0
3 6 1433.0
3 11 285.0
3 13 570.0
3 14 934.0
3 16 1312.0
3 19 1316.0
3 23 1746.0
3 24 2932.0
3 25 2263.0
3 27 2383.0
3 28 3144.0
3 32 472.0
3 36 843.0
3 41 2281.0
3 44 1361.0
3 45 390.0
4 2 68.0
4 12 1926.0
4 15 2761.0
4 21 2690.0
4 22 1261.0
4 26 1504.0
4 30 2012.0
4 35 1105.0
4 36 1136.0
4 38 1000.0
4 40 215.0
4 44 1068.0
4 46 2684.0
5 0 4019.0
5 1 1641.0
5 6 4547.0
5 11 2829.0
5 13 2544.0
5 17 4222.0
5 25 851.0
5 33 3118.0
5 35 3926.0
5 36 3957.0
5 38 3821.0
5 40 3036.0
5 42 3591.0
5 45 2724.0
6 2 1658.0
6 3 1433.0
6 4 1726.0
6 7 2895.0
6 8 16.0
6 13 2003.0
6 17 325.0
6 21 4416.0
6 29 2867.0
6 32 1905.0
6 34 2938.0
6 36 590.0
6 37 3971.0
7 4 1169.0
7 9 1145.0
7 10 1583.0
7 17 2570.0
7 18 2165.0
7 22 92.0
7 23 3208.0
7 26 335.0
7 27 921.0
7 29 28.0
7 30 3181.0
7 40 1384.0
7 44 101.0
7 48 1401.0
8 11 1702.0
8 13 1987.0
8 14 483.0
8 24 4349.0
8 37 3955.0
8 40 1495.0
8 42 940.0
8 44 2778.0
9 0 3512.0
9 3 2607.0
9 6 4040.0
9 8 4024.0
9 14 3541.0
9 16 3919.0
9 21 376.0
9 23 4353.0
9 24 325.0
9 28 537.0
9 32 2135.0
9 34 1102.0
9 37 69.0
9 43 4000.0
9 46 370.0
9 49 4064.0
9 52 556.0
10 3 121.0
10 6 1312.0
10 7 1583.0
10 14 813.0
10 15 3175.0
10 17 987.0
10 18 582.0
10 22 1675.0
10 23 1625.0
10 26 1918.0
10 28 3265.0
10 29 1555.0
10 31 879.0
10 33 117.0
10 35 691.0
10 36 722.0
10 45 511.0
10 46 3098.0
10 48 2984.0
10 53 2386.0
11 3 285.0
11 4 8.0
11 8 1702.0
11 10 406.0
11 12 1918.0
11 15 2769.0
11 24 2647.0
11 26 1512.0
11 30 2004.0
11 32 187.0
11 33 289.0
11 36 1128.0
11 39 1680.0
11 40 207.0
11 42 762.0
11 44 1076.0
11 51 1918.0
11 53 1980.0
11 54 67.0
12 11 1918.0
12 22 3187.0
12 24 4565.0
12 26 3430.0
12 28 4777.0
12 29 3067.0
12 35 821.0
12 39 3598.0
12 41 3914.0
12 49 176.0
13 0 1475.0
13 3 570.0
13 12 2203.0
13 15 2484.0
13 16 1882.0
13 19 746.0
13 20 2451.0
13 31 188.0
13 34 935.0
13 38 1277.0
13 39 1395.0
13 42 1047.0
13 45 180.0
13 47 462.0
13 50 1725.0
13 54 218.0
13 55 2572.0
13 56 1807.0
14 0 29.0
14 2 1159.0
14 6 499.0
14 9 3541.0
14 10 813.0
14 12 699.0
14 17 174.0
14 18 231.0
14 20 3955.0
14 22 2488.0
14 29 2368.0
14 30 785.0
14 31 1692.0
14 32 1406.0
14 34 2439.0
14 37 3472.0
14 38 227.0
14 41 3215.0
14 42 457.0
14 43 459.0
14 47 1042.0
14 50 221.0
14 51 3137.0
14 52 2985.0
14 54 1286.0
14 56 303.0
15 5 60.0
15 12 4687.0
15 18 3757.0
15 19 1738.0
15 20 33.0
15 21 71.0
15 22 1500.0
15 24 122.0
15 27 671.0
15 28 90.0
15 36 3897.0
15 41 773.0
15 43 4447.0
15 44 1693.0
15 48 191.0
15 49 4511.0
15 50 4209.0
15 54 2702.0
15 55 88.0
15 56 4291.0
16 0 407.0
16 6 121.0
16 10 1191.0
16 14 378.0
16 15 4366.0
16 17 204.0
16 27 3695.0
16 33 1308.0
16 34 2817.0
16 40 1390.0
16 44 2673.0
16 45 1702.0
16 48 4175.0
16 49 145.0
16 54 1664.0
16 60 2674.0
17 8 309.0
17 9 3715.0
17 13 1678.0
17 14 174.0
17 24 4040.0
17 27 3491.0
17 32 1580.0
17 39 3073.0
17 42 631.0
17 45 1498.0
17 46 4085.0
17 55 4250.0
18 0 202.0
18 8 714.0
18 10 582.0
18 14 231.0
18 17 405.0
18 21 3686.0
18 22 2257.0
18 28 3847.0
18 30 1016.0
18 31 1461.0
18 33 699.0
18 34 2208.0
18 36 140.0
18 41 2984.0
18 43 690.0
18 47 811.0
18 53 2968.0
19 0 2221.0
19 1 157.0
19 3 1316.0
19 5 1798.0
19 6 2749.0
19 8 2733.0
19 10 1437.0
19 12 2949.0
19 17 2424.0
19 25 947.0
19 31 558.0
19 32 844.0
19 38 2023.0
19 41 965.0
19 47 1208.0
19 49 2773.0
19 50 2471.0
19 53 949.0
19 55 1826.0
19 56 2553.0
19 59 2835.0
19 62 1795.0
20 0 3926.0
20 7 1559.0
20 10 3142.0
20 11 2736.0
20 12 4654.0
20 24 89.0
20 32 2549.0
20 34 1516.0
20 42 3498.0
20 46 44.0
20 50 4176.0
20 51 818.0
20 53 756.0
20 55 121.0
20 62 90.0
20 64 1255.0
21 6 4416.0
21 7 1521.0
21 11 2698.0
21 12 4616.0
21 24 51.0
21 26 1186.0
21 28 161.0
21 29 1549.0
21 30 4702.0
21 31 2225.0
21 32 2511.0
21 34 1478.0
21 40 2905.0
21 41 702.0
21 46 6.0
21 49 4440.0
21 50 4138.0
21 52 932.0
21 54 2631.0
21 62 128.0
22 0 2459.0
22 3 1554.0
22 6 2987.0
22 7 92.0
22 17 2662.0
22 18 2257.0
22 23 3300.0
22 24 1378.0
22 27 829.0
22 29 120.0
22 30 3273.0
22 32 1082.0
22 34 49.0
22 37 984.0
22 38 2261.0
22 41 727.0
22 46 1423.0
22 50 2709.0
22 54 1202.0
22 55 1588.0
22 56 2791.0
22 59 3073.0
22 61 1513.0
22 65 473.0
23 1 3219.0
23 7 3208.0
23 9 4353.0
23 12 113.0
23 13 2316.0
23 14 812.0
23 28 4890.0
23 29 3180.0
23 39 3711.0
23 40 1824.0
23 41 4027.0
23 44 3107.0
23 51 3949.0
23 58 4773.0
23 60 3108.0
23 63 2125.0
23 64 3512.0
23 67 653.0
24 10 3053.0
24 12 4565.0
24 14 3866.0
24 17 4040.0
24 19 1616.0
24 20 89.0
24 28 212.0
24 31 2174.0
24 35 3744.0
24 36 3775.0
24 42 3409.0
24 48 69.0
24 49 4389.0
24 52 881.0
24 60 1570.0
24 61 135.0
24 63 2553.0
24 65 1851.0
24 67 4025.0
25 0 3168.0
25 2 2038.0
25 3 2263.0
25 5 851.0
25 11 1978.0
25 12 3896.0
25 13 1693.0
25 24 669.0
25 27 120.0
25 29 829.0
25 45 1873.0
25 46 714.0
25 51 60.0
25 52 212.0
25 53 2.0
25 55 879.0
25 56 3500.0
25 58 764.0
25 61 804.0
25 65 1182.0
25 67 3356.0
26 6 3230.0
26 10 1918.0
26 11 1512.0
26 16 3109.0
26 18 2500.0
26 19 481.0
26 20 1224.0
26 22 243.0
26 25 466.0
26 28 1347.0
26 35 2609.0
26 37 741.0
26 39 168.0
26 43 3190.0
26 44 436.0
26 45 1407.0
26 47 1689.0
26 51 406.0
26 52 254.0
26 62 1314.0
27 9 224.0
27 10 2504.0
27 12 4016.0
27 15 671.0
27 23 4129.0
27 25 120.0
27 26 586.0
27 37 155.0
27 38 3090.0
27 39 418.0
27 40 2305.0
27 45 1993.0
27 46 594.0
27 47 2275.0
27 52 332.0
27 53 118.0
27 58 644.0
27 59 3902.0
27 60 1021.0
27 62 728.0
28 4 2851.0
28 8 4561.0
28 10 3265.0
28 14 4078.0
28 15 90.0
28 17 4252.0
28 23 4890.0
28 25 881.0
28 41 863.0
28 45 2754.0
28 47 3036.0
28 48 281.0
28 51 941.0
28 52 1093.0
28 57 624.0
28 58 117.0
28 59 4663.0
28 61 77.0
28 66 4547.0
28 67 4237.0
28 71 271.0
29 4 1141.0
29 8 2851.0
29 10 1555.0
29 12 3067.0
29 14 2368.0
29 17 2542.0
29 18 2137.0
29 25 829.0
29 26 363.0
29 27 949.0
29 32 962.0
29 35 2246.0
29 36 2277.0
29 53 831.0
29 54 1082.0
29 55 1708.0
29 62 1677.0
29 64 332.0
30 4 2012.0
30 10 1598.0
30 12 86.0
30 15 4773.0
30 16 407.0
30 18 1016.0
30 19 3035.0
30 20 4740.0
30 23 27.0
30 31 2477.0
30 33 1715.0
30 38 1012.0
30 40 1797.0
30 43 326.0
30 44 3080.0
30 47 1827.0
30 51 3922.0
30 52 3770.0
30 63 2098.0
30 65 2800.0
30 70 2132.0
30 71 4592.0
30 73 3521.0
30 74 2951.0
31 1 715.0
31 9 1849.0
31 14 1692.0
31 18 1461.0
31 21 2225.0
31 30 2477.0
31 35 1570.0
31 37 1780.0
31 42 1235.0
31 47 650.0
31 49 2215.0
31 52 1293.0
31 54 406.0
31 58 2269.0
31 60 604.0
31 74 474.0
32 0 1377.0
32 2 247.0
32 7 990.0
32 13 98.0
32 14 1406.0
32 17 1580.0
32 18 1175.0
32 22 1082.0
32 24 2460.0
32 25 1791.0
32 26 1325.0
32 27 1911.0
32 28 2672.0
32 30 2191.0
32 31 286.0
32 33 476.0
32 34 1033.0
32 36 1315.0
32 37 2066.0
32 38 1179.0
32 40 394.0
32 43 1865.0
32 47 364.0
32 55 2670.0
32 60 890.0
32 61 2595.0
32 66 1875.0
32 67 1565.0
32 68 1405.0
32 69 1946.0
32 70 59.0
32 73 1330.0
32 74 760.0
33 2 229.0
33 4 297.0
33 7 1466.0
33 11 289.0
33 14 930.0
33 15 3058.0
33 17 1104.0
33 21 2987.0
33 22 1558.0
33 23 1742.0
33 28 3148.0
33 30 1715.0
33 31 762.0
33 36 839.0
33 41 2285.0
33 43 1389.0
33 47 112.0
33 54 356.0
33 55 3146.0
33 56 1233.0
33 62 3115.0
33 64 1770.0
34 4 1212.0
34 5 1609.0
34 6 2938.0
34 13 935.0
34 14 2439.0
34 17 2613.0
34 25 758.0
34 28 1639.0
34 33 1509.0
34 37 1033.0
34 40 1427.0
34 46 1472.0
34 47 1397.0
34 55 1637.0
34 56 2742.0
34 61 1562.0
34 71 1368.0
35 2 1037.0
35 3 812.0
35 6 621.0
35 13 1382.0
35 14 122.0
35 15 3866.0
35 21 3795.0
35 24 3744.0
35 27 3195.0
35 28 3956.0
35 29 2246.0
35 32 1284.0
35 33 808.0
35 37 3350.0
35 41 3093.0
35 42 335.0
35 43 581.0
35 44 2173.0
35 45 1202.0
35 52 2863.0
35 53 3077.0
35 54 1164.0
35 55 3954.0
35 59 707.0
35 63 1191.0
35 66 591.0
35 67 281.0
35 72 299.0
35 74 2044.0
35 76 2796.0
35 78 239.0
36 6 590.0
36 16 469.0
36 21 3826.0
36 22 2397.0
36 23 903.0
36 24 3775.0
36 26 2640.0
36 31 1601.0
36 34 2348.0
36 37 3381.0
36 41 3124.0
36 47 951.0
36 54 1195.0
36 57 3363.0
36 63 1222.0
36 66 560.0
36 67 250.0
36 70 1256.0
36 80 3758.0
37 0 3443.0
37 13 1968.0
37 28 606.0
37 30 4257.0
37 31 1780.0
37 32 2066.0
37 36 3381.0
37 39 573.0
37 43 3931.0
37 45 2148.0
37 47 2430.0
37 48 325.0
37 53 273.0
37 54 2186.0
37 56 3775.0
37 58 489.0
37 63 2159.0
37 69 4012.0
37 70 2125.0
37 76 554.0
37 81 3248.0
38 0 198.0
38 9 3314.0
38 11 992.0
38 15 3761.0
38 16 605.0
38 21 3690.0
38 26 2504.0
38 27 3090.0
38 29 2141.0
38 31 1465.0
38 37 3245.0
38 41 2988.0
38 49 750.0
38 55 3849.0
38 74 1939.0
38 77 2852.0
38 79 3266.0
38 80 3622.0
39 7 503.0
39 8 3382.0
39 10 2086.0
39 11 1680.0
39 17 3073.0
39 24 967.0
39 27 418.0
39 31 1207.0
39 32 1493.0
39 34 460.0
39 38 2672.0
39 43 3358.0
39 44 604.0
39 45 1575.0
39 53 300.0
39 55 1177.0
39 62 1146.0
39 63 1586.0
39 71 908.0
39 74 733.0
39 75 694.0
40 0 983.0
40 5 3036.0
40 8 1495.0
40 13 492.0
40 16 1390.0
40 17 1186.0
40 22 1476.0
40 27 2305.0
40 28 3066.0
40 29 1356.0
40 34 1427.0
40 37 2460.0
40 39 1887.0
40 41 2203.0
40 42 555.0
40 44 1283.0
40 51 2125.0
40 54 274.0
40 59 1597.0
40 62 3033.0
40 68 1799.0
40 69 1552.0
40 70 335.0
40 73 1724.0
40 76 1906.0
41 0 3186.0
41 2 2056.0
41 11 1996.0
41 20 740.0
41 21 702.0
41 24 651.0
41 25 18.0
41 28 863.0
41 29 847.0
41 30 4000.0
41 38 2988.0
41 39 316.0
41 44 920.0
41 46 696.0
41 47 2173.0
41 55 861.0
41 56 3518.0
41 57 239.0
41 58 746.0
41 59 3800.0
41 62 830.0
41 63 1902.0
41 66 3684.0
41 72 3392.0
41 78 2854.0
41 79 278.0
41 81 2991.0
41 82 1617.0
41 83 2134.0
41 84 695.0
41 85 1380.0
42 0 428.0
42 3 477.0
42 9 3084.0
42 18 226.0
42 22 2031.0
42 25 2740.0
42 27 2860.0
42 29 1911.0
42 35 335.0
42 37 3015.0
42 38 230.0
42 58 3504.0
42 59 1042.0
42 61 3544.0
42 63 856.0
42 64 2243.0
42 65 1558.0
42 72 634.0
42 74 1709.0
42 75 3136.0
42 76 2461.0
42 77 2622.0
42 80 3392.0
42 83 624.0
43 0 488.0
43 5 4507.0
43 9 4000.0
43 12 240.0
43 13 1963.0
43 15 4447.0
43 20 4414.0
43 23 353.0
43 31 2151.0
43 32 1865.0
43 36 550.0
43 45 1783.0
43 55 4535.0
43 57 3913.0
43 58 4420.0
43 60 2755.0
43 63 1772.0
43 65 2474.0
43 71 4266.0
43 78 820.0
43 83 1540.0
44 0 2266.0
44 2 1136.0
44 12 2994.0
44 17 2469.0
44 19 45.0
44 25 902.0
44 26 436.0
44 31 603.0
44 40 1283.0
44 45 971.0
44 50 2516.0
44 56 2598.0
44 60 1.0
44 61 1706.0
44 68 516.0
44 69 2835.0
44 70 948.0
44 74 129.0
44 79 1198.0
44 85 460.0
44 87 1225.0
45 4 97.0
45 6 1823.0
45 10 511.0
45 11 105.0
45 18 1093.0
45 20 2631.0
45 24 2542.0
45 25 1873.0
45 26 1407.0
45 30 2109.0
45 35 1202.0
45 36 1233.0
45 40 312.0
45 43 1783.0
45 47 282.0
45 51 1813.0
45 53 1875.0
45 56 1627.0
45 57 2130.0
45 59 1909.0
45 61 2677.0
45 62 2721.0
45 66 1793.0
45 67 1483.0
45 73 1412.0
45 77 1755.0
45 80 2525.0
46 3 2977.0
46 8 4394.0
46 12 4610.0
46 13 2407.0
46 23 4723.0
46 26 1180.0
46 27 594.0
46 34 1472.0
46 35 3789.0
46 36 3820.0
46 38 3684.0
46 45 2587.0
46 50 4132.0
46 58 50.0
46 65 1896.0
46 70 2564.0
46 73 1175.0
46 75 318.0
46 77 832.0
46 81 3687.0
46 83 2830.0
47 3 108.0
47 4 185.0
47 7 1354.0
47 16 1420.0
47 21 2875.0
47 29 1326.0
47 30 1827.0
47 33 112.0
47 36 951.0
47 38 815.0
47 43 1501.0
47 45 282.0
47 49 1565.0
47 56 1345.0
47 63 271.0
47 64 1658.0
47 65 973.0
47 67 1201.0
47 70 305.0
47 72 1219.0
47 75 2551.0
47 81 818.0
47 82 556.0
47 83 39.0
47 84 2868.0
47 89 147.0
48 6 4296.0
48 7 1401.0
48 11 2578.0
48 12 4496.0
48 16 4175.0
48 19 1547.0
48 24 69.0
48 31 2105.0
48 32 2391.0
48 33 2867.0
48 34 1358.0
48 37 325.0
48 38 3570.0
48 40 2785.0
48 41 582.0
48 43 4256.0
48 45 2473.0
48 50 4018.0
48 55 279.0
48 59 4382.0
48 60 1501.0
48 65 1782.0
48 67 3956.0
48 68 986.0
48 71 10.0
48 76 879.0
48 77 718.0
48 82 2199.0
48 87 2727.0
48 89 2608.0
49 4 1750.0
49 7 2919.0
49 23 289.0
49 25 3720.0
49 28 4601.0
49 38 750.0
49 39 3422.0
49 42 980.0
49 53 3722.0
49 56 220.0
49 60 2819.0
49 63 1836.0
49 66 54.0
49 72 346.0
49 75 4116.0
49 76 3441.0
49 77 3602.0
49 82 2121.0
49 83 1604.0
49 84 4433.0
49 85 2358.0
49 86 1078.0
49 87 1593.0
49 90 813.0
49 91 1724.0
50 16 157.0
50 17 47.0
50 18 452.0
50 20 4176.0
50 23 591.0
50 24 4087.0
50 25 3418.0
50 27 3538.0
50 28 4299.0
50 32 1627.0
50 45 1545.0
50 47 1263.0
50 52 3206.0
50 62 4266.0
50 64 2921.0
50 66 248.0
50 67 62.0
50 68 3032.0
50 69 319.0
50 70 1568.0
50 73 2957.0
50 76 3139.0
50 80 4070.0
50 85 2056.0
50 88 17.0
50 90 511.0
50 91 1422.0
50 94 1960.0
51 6 3636.0
51 9 404.0
51 12 3836.0
51 14 3137.0
51 28 941.0
51 29 769.0
51 32 1731.0
51 33 2207.0
51 38 2910.0
51 39 238.0
51 40 2125.0
51 42 2680.0
51 47 2095.0
51 52 152.0
51 59 3722.0
51 60 841.0
51 63 1824.0
51 64 437.0
51 65 1122.0
51 68 326.0
51 70 1790.0
51 74 971.0
51 75 456.0
51 81 2913.0
51 87 2067.0
51 88 3341.0
51 95 503.0
52 7 589.0
52 8 3468.0
52 10 2172.0
52 12 3684.0
52 13 1481.0
52 15 1003.0
52 19 735.0
52 22 497.0
52 25 212.0
52 31 1293.0
52 32 1579.0
52 34 546.0
52 35 2863.0
52 37 487.0
52 38 2758.0
52 46 926.0
52 50 3206.0
52 55 1091.0
52 57 469.0
52 60 689.0
52 66 3454.0
52 73 249.0
52 81 2761.0
52 83 1904.0
52 84 925.0
52 91 1784.0
52 93 2358.0
53 8 3682.0
53 9 342.0
53 11 1980.0
53 17 3373.0
53 20 756.0
53 21 718.0
53 23 4011.0
53 30 3984.0
53 34 760.0
53 36 3108.0
53 43 3658.0
53 44 904.0
53 47 2157.0
53 50 3420.0
53 51 62.0
53 55 877.0
53 56 3502.0
53 57 255.0
53 58 762.0
53 65 1184.0
53 69 3739.0
53 74 1033.0
53 77 120.0
53 81 2975.0
53 85 1364.0
53 88 3403.0
53 92 2357.0
53 97 66.0
54 9 2255.0
54 13 218.0
54 17 1460.0
54 18 1055.0
54 19 964.0
54 20 2669.0
54 23 2098.0
54 27 2031.0
54 30 2071.0
54 44 1009.0
54 45 38.0
54 46 2625.0
54 47 244.0
54 55 2790.0
54 58 2675.0
54 59 1871.0
54 60 1010.0
54 61 2715.0
54 63 27.0
54 66 1755.0
54 78 925.0
54 80 2563.0
54 82 312.0
54 85 549.0
54 89 97.0
54 94 453.0
55 15 88.0
55 16 4454.0
55 19 1826.0
55 20 121.0
55 21 159.0
55 22 1588.0
55 32 2670.0
55 35 3954.0
55 39 1177.0
55 40 3064.0
55 42 3619.0
55 52 1091.0
55 54 2790.0
55 58 115.0
55 63 2763.0
55 65 2061.0
55 66 4545.0
55 68 1265.0
55 70 2729.0
55 73 1340.0
55 75 483.0
55 77 997.0
55 79 583.0
55 83 2995.0
55 93 3449.0
55 94 2337.0
55 96 3920.0
56 14 303.0
56 15 4291.0
56 16 75.0
56 17 129.0
56 19 2553.0
56 20 4258.0
56 27 3620.0
56 29 2671.0
56 30 482.0
56 32 1709.0
56 34 2742.0
56 37 3775.0
56 43 156.0
56 49 220.0
56 61 4304.0
56 65 2318.0
56 72 126.0
56 77 3382.0
56 79 3796.0
56 86 858.0
56 88 99.0
56 89 1492.0
56 92 1145.0
56 96 459.0
57 14 3454.0
57 22 966.0
57 25 257.0
57 27 137.0
57 30 4239.0
57 31 1762.0
57 32 2048.0
57 34 1015.0
57 35 3332.0
57 36 3363.0
57 38 3227.0
57 39 555.0
57 42 2997.0
57 44 1159.0
57 49 3977.0
57 50 3675.0
57 53 255.0
57 56 3757.0
57 60 1158.0
57 64 754.0
57 65 1439.0
57 74 1288.0
57 75 139.0
57 76 536.0
57 77 375.0
57 82 1856.0
57 84 456.0
57 85 1619.0
57 86 2899.0
57 87 2384.0
57 90 3164.0
57 91 2253.0
57 92 2612.0
57 95 820.0
58 16 4339.0
58 22 1473.0
58 34 1522.0
58 41 746.0
58 44 1666.0
58 45 2637.0
58 50 4182.0
58 53 762.0
58 56 4264.0
58 65 1946.0
58 71 154.0
58 77 882.0
58 78 3600.0
58 81 3737.0
58 82 2363.0
58 83 2880.0
58 84 51.0
58 87 2891.0
58 88 4165.0
58 89 2772.0
58 91 2760.0
58 95 1327.0
59 15 4573.0
59 19 2835.0
59 20 4540.0
59 25 3782.0
59 27 3902.0
59 28 4663.0
59 33 1515.0
59 36 676.0
59 40 1597.0
59 42 1042.0
59 54 1871.0
59 55 4661.0
59 62 4630.0
59 64 3285.0
59 67 426.0
59 73 3321.0
59 77 3664.0
59 80 4434.0
59 85 2420.0
59 86 1140.0
59 87 1655.0
59 94 2324.0
59 99 2936.0
59 101 1055.0
60 19 46.0
60 21 1621.0
60 22 192.0
60 26 435.0
60 34 143.0
60 38 2069.0
60 40 1284.0
60 41 919.0
60 44 1.0
60 45 972.0
60 49 2819.0
60 50 2517.0
60 51 841.0
60 54 1010.0
60 62 1749.0
60 70 949.0
60 71 1511.0
60 74 130.0
60 78 1935.0
60 79 1197.0
60 81 2072.0
60 88 2500.0
60 89 1107.0
60 93 1669.0
60 95 338.0
60 98 1447.0
60 103 2224.0
61 16 4379.0
61 17 4175.0
61 18 3770.0
61 19 1751.0
61 30 4786.0
61 43 4460.0
61 44 1706.0
61 46 90.0
61 51 864.0
61 55 75.0
61 57 547.0
61 71 194.0
61 80 152.0
61 83 2920.0
61 86 3446.0
61 101 3531.0
61 102 3144.0
61 103 3929.0
61 105 1411.0
62 18 3814.0
62 19 1795.0
62 21 128.0
62 35 3923.0
62 36 3954.0
62 37 573.0
62 41 830.0
62 44 1750.0
62 45 2721.0
62 46 134.0
62 47 3003.0
62 53 846.0
62 61 44.0
62 67 4204.0
62 70 2698.0
62 80 196.0
62 86 3490.0
62 87 2975.0
62 92 3203.0
62 93 3418.0
62 94 2306.0
62 98 3196.0
62 105 1455.0
63 21 2604.0
63 25 1884.0
63 28 2765.0
63 29 1055.0
63 31 379.0
63 34 1126.0
63 40 301.0
63 46 2598.0
63 48 2484.0
63 50 1534.0
63 54 27.0
63 55 2763.0
63 56 1616.0
63 64 1387.0
63 66 1782.0
63 68 1498.0
63 71 2494.0
63 76 1605.0
63 78 952.0
63 85 522.0
63 86 758.0
63 87 243.0
63 88 1517.0
63 91 112.0
63 94 426.0
63 95 1321.0
63 98 464.0
63 99 1038.0
63 105 1277.0
63 106 880.0
63 107 873.0
64 19 450.0
64 20 1255.0
64 23 3512.0
64 25 497.0
64 30 3485.0
64 35 2578.0
64 37 772.0
64 38 2473.0
64 40 1688.0
64 41 515.0
64 42 2243.0
64 44 405.0
64 45 1376.0
64 47 1658.0
64 53 499.0
64 55 1376.0
64 67 2859.0
64 71 1107.0
64 72 2877.0
64 75 893.0
64 80 1149.0
64 90 2410.0
64 92 1858.0
64 93 2073.0
64 95 66.0
64 97 565.0
64 101 2230.0
64 102 1843.0
65 21 1902.0
65 22 473.0
65 25 1182.0
65 29 353.0
65 30 2800.0
65 35 1893.0
65 36 1924.0
65 38 1788.0
65 40 1003.0
65 41 1200.0
65 42 1558.0
65 45 691.0
65 48 1782.0
65 49 2538.0
65 51 1122.0
65 56 2318.0
65 60 281.0
65 62 2030.0
65 64 685.0
65 69 2555.0
65 75 1578.0
65 81 1791.0
65 84 1895.0
65 87 945.0
65 88 2219.0
65 95 619.0
65 96 1859.0
65 104 1852.0
65 106 178.0
65 107 171.0
66 25 3666.0
66 31 2161.0
66 33 1399.0
66 36 560.0
66 38 696.0
66 39 3368.0
66 45 1793.0
66 51 3606.0
66 54 1755.0
66 64 3169.0
66 70 1816.0
66 72 292.0
66 74 2635.0
66 75 4062.0
66 77 3548.0
66 81 693.0
66 85 2304.0
66 90 759.0
66 95 3103.0
66 96 625.0
66 99 2820.0
66 105 3059.0
66 106 2662.0
67 23 653.0
67 32 1565.0
67 34 2598.0
67 39 3058.0
67 41 3374.0
67 42 616.0
67 44 2454.0
67 50 62.0
67 53 3358.0
67 55 4235.0
67 56 144.0
67 60 2455.0
67 61 4160.0
67 65 2174.0
67 66 310.0
67 68 2970.0
67 81 383.0
67 82 1757.0
67 86 714.0
67 91 1360.0
67 92 1001.0
67 95 2793.0
67 97 3424.0
67 100 2293.0
67 105 2749.0
67 106 2352.0
67 111 347.0
68 29 443.0
68 32 1405.0
68 34 372.0
68 38 2584.0
68 39 88.0
68 40 1799.0
68 42 2354.0
68 47 1769.0
68 56 3114.0
68 60 515.0
68 65 796.0
68 71 996.0
68 72 2988.0
68 79 682.0
68 80 1038.0
68 81 2587.0
68 83 1730.0
68 84 1099.0
68 87 1741.0
68 93 2184.0
68 98 1962.0
68 101 2341.0
68 102 1954.0
68 103 2739.0
68 107 625.0
69 36 631.0
69 38 767.0
69 40 1552.0
69 43 81.0
69 45 1864.0
69 51 3677.0
69 53 3739.0
69 54 1826.0
69 55 4616.0
69 60 2836.0
69 64 3240.0
69 67 381.0
69 75 4133.0
69 76 3458.0
69 87 1610.0
69 90 830.0
69 91 1741.0
69 95 3174.0
69 104 4407.0
69 106 2733.0
69 108 3468.0
69 111 728.0
70 26 1384.0
70 30 2132.0
70 36 1256.0
70 38 1120.0
70 39 1552.0
70 40 335.0
70 42 890.0
70 43 1806.0
70 44 948.0
70 47 305.0
70 49 1870.0
70 50 1568.0
70 52 1638.0
70 62 2698.0
70 64 1353.0
70 65 668.0
70 67 1506.0
70 73 1389.0
70 74 819.0
70 75 2246.0
70 77 1732.0
70 78 986.0
70 79 2146.0
70 83 266.0
70 84 2563.0
70 87 277.0
70 91 146.0
70 92 505.0
70 93 720.0
70 95 1287.0
70 96 1191.0
70 98 498.0
70 101 877.0
70 104 2520.0
70 106 846.0
70 109 896.0
70 113 1227.0
70 114 1879.0
71 26 1076.0
71 30 4592.0
71 32 2401.0
71 39 908.0
71 40 2795.0
71 45 2483.0
71 52 822.0
71 59 4392.0
71 62 238.0
71 64 1107.0
71 67 3966.0
71 68 996.0
71 70 2460.0
71 76 889.0
71 77 728.0
71 78 3446.0
71 80 42.0
71 82 2209.0
71 86 3252.0
71 91 2606.0
71 94 2068.0
71 99 1456.0
71 102 2950.0
71 103 3735.0
71 105 1217.0
71 111 3619.0
72 28 4255.0
72 29 2545.0
72 31 1869.0
72 32 1583.0
72 49 346.0
72 50 44.0
72 53 3376.0
72 57 3631.0
72 58 4138.0
72 62 4222.0
72 63 1490.0
72 69 363.0
72 81 401.0
72 85 2012.0
72 92 1019.0
72 93 804.0
72 94 1916.0
72 95 2811.0
72 96 333.0
72 98 1026.0
72 103 249.0
72 105 2767.0
72 107 2363.0
72 108 3105.0
72 109 628.0
73 35 2614.0
73 37 736.0
73 38 2509.0
73 39 163.0
73 41 479.0
73 42 2279.0
73 46 1175.0
73 49 3259.0
73 50 2957.0
73 53 463.0
73 55 1340.0
73 61 1265.0
73 67 2895.0
73 69 3276.0
73 70 1389.0
73 75 857.0
73 76 182.0
73 78 2375.0
73 80 1113.0
73 82 1138.0
73 83 1655.0
73 87 1666.0
73 90 2446.0
73 95 102.0
73 100 602.0
73 102 1879.0
73 103 2664.0
73 106 543.0
73 107 550.0
73 108 192.0
73 110 205.0
73 111 2548.0
73 112 1313.0
73 115 1603.0
73 116 547.0
74 34 273.0
74 37 1306.0
74 38 1939.0
74 39 733.0
74 41 1049.0
74 44 129.0
74 46 1745.0
74 49 2689.0
74 51 971.0
74 57 1288.0
74 58 1795.0
74 62 1879.0
74 64 534.0
74 69 2706.0
74 70 819.0
74 71 1641.0
74 73 570.0
74 77 913.0
74 84 1744.0
74 87 1096.0
74 105 424.0
74 106 27.0
74 117 1252.0
75 30 4378.0
75 33 2663.0
75 35 3471.0
75 36 3502.0
75 43 4052.0
75 57 139.0
75 62 452.0
75 63 2280.0
75 65 1578.0
75 67 3752.0
75 68 782.0
75 70 2246.0
75 77 514.0
75 80 256.0
75 82 1995.0
75 83 2512.0
75 84 317.0
75 90 3303.0
75 92 2751.0
75 94 1854.0
75 96 3437.0
75 98 2744.0
75 102 2736.0
75 103 3521.0
75 105 1003.0
75 108 665.0
75 109 3142.0
75 114 4125.0
75 115 2460.0
75 118 244.0
76 37 554.0
76 40 1906.0
76 43 3377.0
76 51 219.0
76 52 67.0
76 55 1158.0
76 57 536.0
76 59 3503.0
76 62 1127.0
76 68 107.0
76 69 3458.0
76 75 675.0
76 95 284.0
76 98 2069.0
76 100 784.0
76 105 328.0
76 106 725.0
76 108 10.0
76 109 2467.0
76 115 1785.0
76 117 500.0
76 118 431.0
77 32 1673.0
77 40 2067.0
77 46 832.0
77 50 3300.0
77 57 375.0
77 58 882.0
77 59 3664.0
77 60 783.0
77 63 1766.0
77 64 379.0
77 65 1064.0
77 66 3548.0
77 80 770.0
77 82 1481.0
77 87 2009.0
77 89 1890.0
77 90 2789.0
77 96 2923.0
77 102 2222.0
77 107 893.0
77 114 3611.0
77 115 1946.0
77 116 890.0
77 120 3600.0
78 38 134.0
78 40 651.0
78 43 820.0
78 44 1934.0
78 45 963.0
78 52 2624.0
78 55 3715.0
78 59 946.0
78 61 3640.0
78 64 2339.0
78 66 830.0
78 69 901.0
78 70 986.0
78 71 3446.0
78 73 2375.0
78 75 3232.0
78 82 1237.0
78 83 720.0
78 84 3549.0
78 86 194.0
78 87 709.0
78 89 828.0
78 98 488.0
78 99 1990.0
78 103 289.0
78 104 3506.0
78 105 2229.0
78 109 90.0
78 116 1828.0
78 120 882.0
79 43 3952.0
79 48 304.0
79 49 4016.0
79 53 294.0
79 57 39.0
79 59 4078.0
79 63 2180.0
79 65 1478.0
79 71 314.0
79 76 575.0
79 83 2412.0
79 85 1658.0
79 87 2423.0
79 93 2866.0
79 95 859.0
79 102 2636.0
79 105 903.0
79 110 962.0
79 112 556.0
79 114 4025.0
79 117 75.0
79 119 896.0
79 123 3841.0
80 44 1554.0
80 47 2807.0
80 48 52.0
80 49 4372.0
80 54 2563.0
80 55 227.0
80 63 2536.0
80 66 4318.0
80 68 1038.0
80 69 4389.0
80 71 42.0
80 72 4026.0
80 74 1683.0
80 76 931.0
80 84 61.0
80 86 3294.0
80 94 2110.0
80 95 1215.0
80 96 3693.0
80 101 3379.0
80 102 2992.0
80 104 18.0
80 106 1656.0
80 107 1663.0
80 114 4381.0
80 118 500.0
80 120 4370.0
80 122 1132.0
80 123 4197.0
80 124 286.0
81 36 133.0
81 43 683.0
81 46 3687.0
81 62 3821.0
81 75 3369.0
81 78 137.0
81 82 1374.0
81 87 846.0
81 89 965.0
81 92 618.0
81 96 68.0
81 101 246.0
81 106 1969.0
81 111 36.0
81 118 3125.0
81 121 1485.0
81 122 2493.0
82 41 1617.0
82 48 2199.0
82 50 1819.0
82 51 1539.0
82 54 312.0
82 55 2478.0
82 60 698.0
82 63 285.0
82 66 2067.0
82 68 1213.0
82 73 1138.0
82 77 1481.0
82 79 1895.0
82 80 2251.0
82 81 1374.0
82 87 528.0
82 89 409.0
82 92 756.0
82 94 141.0
82 97 1667.0
82 98 749.0
82 99 753.0
82 100 536.0
82 105 992.0
82 107 588.0
82 111 1410.0
82 114 2130.0
82 115 465.0
82 116 591.0
82 118 1751.0
82 125 1161.0
83 41 2134.0
83 49 1604.0
83 54 205.0
83 57 2373.0
83 59 1666.0
83 60 1215.0
83 66 1550.0
83 67 1240.0
83 69 1621.0
83 70 266.0
83 72 1258.0
83 73 1655.0
83 75 2512.0
83 77 1998.0
83 86 526.0
83 90 791.0
83 91 120.0
83 92 239.0
83 97 2184.0
83 98 232.0
83 102 224.0
83 107 1105.0
83 116 1108.0
83 123 1429.0
84 41 695.0
84 42 3453.0
84 46 1.0
84 50 4131.0
84 52 925.0
84 56 4213.0
84 57 456.0
84 59 4495.0
84 61 91.0
84 65 1895.0
84 66 4379.0
84 72 4087.0
84 76 992.0
84 82 2312.0
84 83 2829.0
84 85 2075.0
84 88 4114.0
84 92 3068.0
84 93 3283.0
84 95 1276.0
84 99 1559.0
84 100 1776.0
84 101 3440.0
84 103 3838.0
84 104 43.0
84 105 1320.0
84 106 1717.0
84 110 1379.0
85 40 823.0
85 42 1378.0
85 43 2294.0
85 46 2076.0
85 49 2358.0
85 50 2056.0
85 55 2241.0
85 60 461.0
85 63 522.0
85 64 865.0
85 66 2304.0
85 73 901.0
85 75 1758.0
85 76 1083.0
85 78 1474.0
85 81 1611.0
85 87 765.0
85 88 2039.0
85 93 1208.0
85 94 96.0
85 96 1679.0
85 99 516.0
85 100 299.0
85 102 978.0
85 105 755.0
85 106 358.0
85 108 1093.0
85 116 354.0
85 118 1514.0
85 119 762.0
85 121 126.0
85 124 1728.0
85 125 1398.0
85 128 2014.0
85 129 97.0
86 43 1014.0
86 45 769.0
86 52 2430.0
86 54 731.0
86 56 858.0
86 57 2899.0
86 58 3406.0
86 59 1140.0
86 60 1741.0
86 62 3490.0
86 63 758.0
86 65 1460.0
86 74 1611.0
86 75 3038.0
86 76 2363.0
86 85 1280.0
86 93 72.0
86 94 1184.0
86 97 2710.0
86 100 1579.0
86 108 2373.0
86 113 435.0
86 118 2794.0
86 125 118.0
86 129 1377.0
86 130 1262.0
87 43 1529.0
87 46 2841.0
87 47 28.0
87 48 2727.0
87 52 1915.0
87 53 2129.0
87 55 3006.0
87 57 2384.0
87 67 1229.0
87 69 1610.0
87 70 277.0
87 83 11.0
87 89 119.0
87 91 131.0
87 94 669.0
87 102 213.0
87 104 2797.0
87 105 1520.0
87 108 1858.0
87 109 619.0
87 111 882.0
87 117 2348.0
87 119 1527.0
87 122 1647.0
87 124 2493.0
87 129 862.0
87 131 1826.0
88 43 255.0
88 45 1528.0
88 46 4115.0
88 47 1246.0
88 49 319.0
88 50 17.0
88 54 1490.0
88 61 4205.0
88 70 1551.0
88 71 4011.0
88 75 3797.0
88 79 3697.0
88 82 1802.0
88 87 1274.0
88 89 1393.0
88 92 1046.0
88 95 2838.0
88 97 3469.0
88 101 674.0
88 103 276.0
88 111 392.0
88 113 324.0
88 114 328.0
88 117 3622.0
88 122 2921.0
88 123 144.0
88 124 3767.0
88 126 114.0
88 131 552.0
88 132 184.0
89 48 2608.0
89 50 1410.0
89 51 1948.0
89 53 2010.0
89 55 2887.0
89 60 1107.0
89 61 2812.0
89 67 1348.0
89 72 1366.0
89 77 1890.0
89 79 2304.0
89 81 965.0
89 84 2721.0
89 85 646.0
89 91 12.0
89 93 562.0
89 94 550.0
89 96 1033.0
89 99 1162.0
89 102 332.0
89 105 1401.0
89 109 738.0
89 110 1342.0
89 115 56.0
89 120 1710.0
89 122 1528.0
89 125 752.0
89 126 1279.0
89 130 1896.0
89 133 2793.0
90 48 3507.0
90 53 2909.0
90 58 3671.0
90 63 1023.0
90 65 1725.0
90 67 449.0
90 68 2521.0
90 71 3517.0
90 73 2446.0
90 77 2789.0
90 92 552.0
90 96 134.0
90 102 567.0
90 111 102.0
90 115 843.0
90 116 1899.0
90 117 3128.0
90 122 2427.0
90 126 380.0
90 127 1066.0
91 46 2710.0
91 54 85.0
91 55 2875.0
91 58 2760.0
91 61 2800.0
91 66 1670.0
91 68 1610.0
91 75 2392.0
91 89 12.0
91 90 911.0
91 93 574.0
91 96 1045.0
91 98 352.0
91 100 933.0
91 101 731.0
91 105 1389.0
91 107 985.0
91 111 1013.0
91 114 1733.0
91 117 2217.0
91 119 1396.0
91 125 764.0
91 128 1380.0
91 134 584.0
92 48 2955.0
92 49 1365.0
92 50 1063.0
92 51 2295.0
92 53 2357.0
92 54 444.0
92 56 1145.0
92 58 3119.0
92 64 1858.0
92 65 1173.0
92 74 1324.0
92 78 481.0
92 81 618.0
92 83 239.0
92 94 897.0
92 100 1292.0
92 116 1347.0
92 118 2507.0
92 128 1021.0
92 131 1598.0
92 133 3140.0
92 135 493.0
93 49 1150.0
93 54 659.0
93 55 3449.0
93 62 3418.0
93 69 1167.0
93 76 2291.0
93 79 2866.0
93 82 971.0
93 83 454.0
93 85 1208.0
93 87 443.0
93 88 831.0
93 89 562.0
93 92 215.0
93 97 2638.0
93 99 1724.0
93 104 3240.0
93 111 439.0
93 114 1159.0
93 115 506.0
93 121 1082.0
93 122 2090.0
93 124 2936.0
93 125 190.0
93 129 1305.0
93 130 1334.0
94 53 1460.0
94 54 453.0
94 56 2042.0
94 59 2324.0
94 63 426.0
94 64 961.0
94 65 276.0
94 66 2208.0
94 74 427.0
94 80 2110.0
94 81 1515.0
94 85 96.0
94 87 669.0
94 91 538.0
94 96 1583.0
94 98 890.0
94 105 851.0
94 108 1189.0
94 110 792.0
94 112 2310.0
94 118 1610.0
94 121 30.0
94 126 1829.0
94 127 383.0
94 135 1390.0
94 138 1709.0
95 54 1348.0
95 63 1321.0
95 64 66.0
95 65 619.0
95 71 1173.0
95 76 284.0
95 79 859.0
95 80 1215.0
95 81 2410.0
95 82 1036.0
95 84 1276.0
95 85 799.0
95 96 2478.0
95 101 2164.0
95 103 2562.0
95 106 441.0
95 108 294.0
95 111 2446.0
95 116 445.0
95 121 925.0
95 128 2813.0
95 132 2654.0
95 134 2017.0
95 136 3025.0
95 139 421.0
96 60 2140.0
96 68 2655.0
96 69 696.0
96 70 1191.0
96 71 3651.0
96 73 2580.0
96 74 2010.0
96 77 2923.0
96 83 925.0
96 84 3754.0
96 85 1679.0
96 89 1033.0
96 90 134.0
96 95 2478.0
96 100 1978.0
96 102 701.0
96 106 2037.0
96 108 2772.0
96 109 295.0
96 111 32.0
96 112 3893.0
96 120 677.0
96 125 281.0
96 136 547.0
96 137 1499.0
96 138 126.0
96 140 1850.0
97 55 811.0
97 62 780.0
97 65 1250.0
97 66 3734.0
97 74 1099.0
97 76 347.0
97 85 1430.0
97 87 2195.0
97 109 2814.0
97 110 734.0
97 112 784.0
97 115 2132.0
97 119 668.0
97 121 1556.0
97 122 548.0
97 124 298.0
97 129 1333.0
97 132 3285.0
97 133 717.0
97 136 3656.0
97 137 1610.0
97 141 3373.0
98 54 437.0
98 61 3152.0
98 65 1166.0
98 70 498.0
98 71 2958.0
98 72 1026.0
98 76 2069.0
98 78 488.0
98 80 3000.0
98 82 749.0
98 92 7.0
98 96 693.0
98 97 2416.0
98 99 1502.0
98 102 8.0
98 104 3018.0
98 105 1741.0
98 106 1344.0
98 108 2079.0
98 113 729.0
98 117 2569.0
98 119 1748.0
98 120 1370.0
98 126 939.0
98 128 1028.0
98 130 1556.0
98 134 232.0
98 136 1240.0
98 139 1364.0
98 141 957.0
99 62 1694.0
99 63 1038.0
99 68 460.0
99 69 2891.0
99 76 567.0
99 84 1559.0
99 87 1281.0
99 88 2555.0
99 89 1162.0
99 92 1509.0
99 93 1724.0
99 95 283.0
99 97 914.0
99 100 217.0
99 101 1881.0
99 104 1516.0
99 105 239.0
99 108 577.0
99 112 1698.0
99 113 2231.0
99 114 2883.0
99 124 1212.0
99 125 1914.0
99 130 3058.0
99 133 1631.0
99 134 1734.0
99 139 138.0
99 140 345.0
99 142 1137.0
100 55 1942.0
100 59 2719.0
100 60 162.0
100 66 2603.0
100 70 787.0
100 74 32.0
100 75 1459.0
100 80 1715.0
100 81 1910.0
100 83 1053.0
100 85 299.0
100 90 1844.0
100 92 1292.0
100 93 1507.0
100 95 500.0
100 99 217.0
100 108 794.0
100 120 2655.0
100 121 425.0
100 127 778.0
100 134 1517.0
100 135 1785.0
100 136 2525.0
100 142 920.0
101 57 2984.0
101 61 3531.0
101 62 3575.0
101 63 843.0
101 69 1010.0
101 70 877.0
101 71 3337.0
101 72 647.0
101 74 1696.0
101 75 3123.0
101 78 109.0
101 80 3379.0
101 81 246.0
101 82 1128.0
101 83 611.0
101 85 1365.0
101 90 180.0
101 93 157.0
101 96 314.0
101 98 379.0
101 99 1881.0
101 103 398.0
101 107 1716.0
101 111 282.0
101 114 1002.0
101 115 663.0
101 118 2879.0
101 120 991.0
101 125 33.0
101 127 886.0
101 137 1185.0
101 138 440.0
101 139 1743.0
101 141 578.0
101 143 1958.0
101 144 500.0
102 59 1442.0
102 60 1439.0
102 62 3188.0
102 66 1326.0
102 67 1016.0
102 68 1954.0
102 69 1397.0
102 73 1879.0
102 78 496.0
102 79 2636.0
102 86 302.0
102 87 213.0
102 95 1777.0
102 104 3010.0
102 107 1329.0
102 110 1674.0
102 111 669.0
102 116 1332.0
102 119 1740.0
102 120 1378.0
102 122 1860.0
102 124 2706.0
102 127 499.0
102 131 1613.0
102 133 3125.0
102 143 1571.0
103 59 657.0
103 68 2739.0
103 73 2664.0
103 75 3521.0
103 81 152.0
103 91 1129.0
103 96 84.0
103 98 777.0
103 102 785.0
103 107 2114.0
103 113 48.0
103 115 1061.0
103 116 2117.0
103 118 3277.0
103 123 420.0
103 127 1284.0
103 131 828.0
103 133 3910.0
103 134 545.0
103 140 1934.0
103 145 713.0
103 146 4087.0
104 61 134.0
104 63 2554.0
104 69 4407.0
104 73 1131.0
104 74 1701.0
104 75 274.0
104 77 788.0
104 85 2032.0
104 94 2128.0
104 97 602.0
104 105 1277.0
104 110 1336.0
104 112 182.0
104 113 3747.0
104 122 1150.0
104 123 4215.0
104 131 4623.0
104 132 3887.0
104 134 3250.0
104 136 4258.0
104 139 1654.0
104 143 1439.0
104 146 292.0
104 147 3690.0
105 62 1455.0
105 64 110.0
105 67 2749.0
105 70 1243.0
105 71 1217.0
105 76 328.0
105 85 755.0
105 87 1520.0
105 88 2794.0
105 89 1401.0
105 90 2300.0
105 92 1748.0
105 94 851.0
105 96 2434.0
105 103 2518.0
105 113 2470.0
105 117 828.0
105 119 7.0
105 123 2938.0
105 130 3297.0
105 132 2610.0
105 135 2241.0
105 138 2560.0
105 139 377.0
105 140 584.0
105 141 2698.0
105 148 2636.0
105 149 471.0
106 61 1808.0
106 65 178.0
106 70 846.0
106 74 27.0
106 76 725.0
106 77 886.0
106 83 1112.0
106 86 1638.0
106 91 992.0
106 94 454.0
106 95 441.0
106 97 1072.0
106 99 158.0
106 104 1674.0
106 107 7.0
106 108 735.0
106 109 1742.0
106 122 524.0
106 124 1370.0
106 135 1844.0
106 137 538.0
106 142 979.0
106 145 2834.0
106 147 2016.0
106 148 2239.0
107 63 873.0
107 66 2655.0
107 67 2345.0
107 71 1621.0
107 80 1663.0
107 86 1631.0
107 87 1116.0
107 92 1344.0
107 98 1337.0
107 106 7.0
107 108 742.0
107 110 345.0
107 116 3.0
107 120 2707.0
107 124 1377.0
107 125 1749.0
107 130 2893.0
107 133 1796.0
107 135 1837.0
107 137 531.0
107 138 2156.0
107 143 242.0
107 148 2232.0
107 149 875.0
108 64 228.0
108 71 879.0
108 75 665.0
108 84 982.0
108 88 3132.0
108 96 2772.0
108 98 2079.0
108 102 2071.0
108 110 397.0
108 114 3460.0
108 119 331.0
108 122 211.0
108 123 3276.0
108 129 996.0
108 130 3635.0
108 134 2311.0
108 135 2579.0
108 137 1273.0
108 138 2898.0
108 139 715.0
108 151 634.0
108 152 2817.0
109 67 610.0
109 69 991.0
109 78 90.0
109 79 3042.0
109 80 3398.0
109 82 1147.0
109 88 655.0
109 92 391.0
109 101 19.0
109 103 379.0
109 105 2139.0
109 107 1735.0
109 110 2080.0
109 111 263.0
109 112 3598.0
109 114 983.0
109 116 1738.0
109 126 541.0
109 128 630.0
109 129 1481.0
109 131 1207.0
109 133 3531.0
109 134 166.0
109 136 842.0
109 140 1555.0
109 144 519.0
109 145 1092.0
110 65 516.0
110 66 3000.0
110 67 2690.0
110 69 3071.0
110 73 205.0
110 74 365.0
110 75 1062.0
110 77 548.0
110 82 933.0
110 83 1450.0
110 85 696.0
110 91 1330.0
110 99 180.0
110 104 1336.0
110 105 59.0
110 109 2080.0
110 114 3063.0
110 121 822.0
110 123 2879.0
110 126 2621.0
110 127 1175.0
110 128 2710.0
110 132 2551.0
110 135 2182.0
110 145 3172.0
110 150 1552.0
110 153 1315.0
111 71 3619.0
111 75 3405.0
111 77 2891.0
111 83 893.0
111 84 3722.0
111 85 1647.0
111 93 439.0
111 96 32.0
111 104 3679.0
111 105 2402.0
111 106 2005.0
111 112 3861.0
111 113 68.0
111 120 709.0
111 122 2529.0
111 124 3375.0
111 136 579.0
111 140 1818.0
111 145 829.0
111 148 234.0
111 150 3895.0
111 152 77.0
111 153 1028.0
111 154 2786.0
111 155 1141.0
112 67 4208.0
112 70 2702.0
112 77 970.0
112 78 3688.0
112 79 556.0
112 85 2214.0
112 96 3893.0
112 97 784.0
112 98 3200.0
112 101 3579.0
112 104 182.0
112 109 3598.0
112 114 4581.0
112 119 1452.0
112 122 1332.0
112 127 2693.0
112 139 1836.0
112 150 34.0
112 156 4319.0
113 70 1227.0
113 72 297.0
113 75 3473.0
113 79 3373.0
113 81 104.0
113 85 1715.0
113 90 170.0
113 92 722.0
113 98 729.0
113 100 2014.0
113 102 737.0
113 104 3747.0
113 106 2073.0
113 110 2411.0
113 119 2477.0
113 120 641.0
113 121 1589.0
113 127 1236.0
113 132 140.0
113 135 229.0
113 138 90.0
113 140 1886.0
113 142 1094.0
113 143 2308.0
113 144 850.0
113 155 1209.0
114 69 8.0
114 73 3268.0
114 78 893.0
114 79 4025.0
114 80 4381.0
114 87 1602.0
114 89 1721.0
114 91 1733.0
114 92 1374.0
114 95 3166.0
114 97 3797.0
114 110 3063.0
114 111 720.0
114 116 2721.0
114 117 3950.0
114 118 3881.0
114 120 11.0
114 122 3249.0
114 123 184.0
114 127 1888.0
114 134 1149.0
114 136 141.0
114 140 2538.0
114 147 709.0
114 156 262.0
114 157 2424.0
115 71 2674.0
115 73 1603.0
115 78 772.0
115 81 909.0
115 83 52.0
115 87 63.0
115 89 56.0
115 90 843.0
115 98 284.0
115 99 1218.0
115 100 1001.0
115 101 663.0
115 104 2734.0
115 105 1457.0
115 107 1053.0
115 108 1795.0
115 116 1056.0
115 118 2216.0
115 120 1654.0
115 122 1584.0
115 125 696.0
115 131 1889.0
115 132 1153.0
115 138 1103.0
115 142 81.0
115 146 3026.0
115 148 1179.0
115 152 1022.0
115 153 83.0
115 154 1841.0
115 156 1403.0
115 157 759.0
116 72 2366.0
116 74 23.0
116 79 1304.0
116 90 1899.0
116 93 1562.0
116 94 450.0
116 98 1340.0
116 99 162.0
116 107 3.0
116 108 739.0
116 114 2721.0
116 118 1160.0
116 121 480.0
116 122 528.0
116 125 1752.0
116 128 2368.0
116 130 2896.0
116 131 2945.0
116 134 1572.0
116 135 1840.0
116 138 2159.0
116 141 2297.0
116 142 975.0
116 149 872.0
116 151 105.0
116 153 973.0
116 155 860.0
117 72 3595.0
117 73 682.0
117 75 175.0
117 76 500.0
117 84 492.0
117 86 2863.0
117 88 3622.0
117 94 1679.0
117 106 1225.0
117 107 1232.0
117 108 490.0
117 109 2967.0
117 111 3230.0
117 114 3950.0
117 116 1229.0
117 118 69.0
117 119 821.0
117 120 3939.0
117 123 3766.0
117 127 2062.0
117 135 3069.0
117 138 3388.0
117 139 1205.0
117 142 2204.0
117 145 4059.0
117 150 665.0
117 157 1526.0
117 158 2134.0
118 77 270.0
118 78 2988.0
118 79 144.0
118 84 561.0
118 92 2507.0
118 98 2500.0
118 99 998.0
118 101 2879.0
118 103 3277.0
118 105 759.0
118 108 421.0
118 109 2898.0
118 112 700.0
118 114 3881.0
118 115 2216.0
118 117 69.0
118 120 3870.0
118 123 3697.0
118 125 2912.0
118 150 734.0
118 159 217.0
118 160 805.0
119 76 321.0
119 77 482.0
119 82 999.0
119 87 1527.0
119 88 2801.0
119 93 1970.0
119 96 2441.0
119 97 668.0
119 107 411.0
119 122 120.0
119 126 2687.0
119 128 2776.0
119 132 2617.0
119 134 1980.0
119 139 384.0
119 142 1383.0
119 147 2420.0
119 150 1486.0
119 151 303.0
119 153 1381.0
119 157 705.0
120 77 3600.0
120 82 2119.0
120 86 1076.0
120 88 317.0
120 89 1710.0
120 90 811.0
120 94 2260.0
120 98 1370.0
120 100 2655.0
120 105 3111.0
120 106 2714.0
120 111 709.0
120 113 641.0
120 114 11.0
120 116 2710.0
120 118 3870.0
120 132 501.0
120 135 870.0
120 136 130.0
120 140 2527.0
120 144 1491.0
120 157 2413.0
120 161 429.0
120 162 2769.0
120 164 2965.0
121 78 1348.0
121 79 1784.0
121 89 520.0
121 92 867.0
121 94 30.0
121 101 1239.0
121 108 1219.0
121 109 1258.0
121 111 1521.0
121 114 2241.0
121 117 1709.0
121 119 888.0
121 124 1854.0
121 129 223.0
121 132 1729.0
121 136 2100.0
121 142 495.0
121 146 2450.0
121 148 1755.0
121 150 2374.0
121 151 585.0
121 152 1598.0
122 80 1132.0
122 83 1636.0
122 92 1875.0
122 97 548.0
122 98 1868.0
122 101 2247.0
122 104 1150.0
122 109 2266.0
122 116 528.0
122 117 701.0
122 119 120.0
122 125 2280.0
122 127 1361.0
122 134 2100.0
122 139 504.0
122 145 3358.0
122 160 173.0
122 161 2809.0
122 165 1225.0
122 166 1370.0
123 85 2183.0
123 88 144.0
123 92 1190.0
123 93 975.0
123 98 1197.0
123 101 818.0
123 102 1205.0
123 103 420.0
123 104 4215.0
123 113 468.0
123 115 1481.0
123 116 2537.0
123 117 3766.0
123 118 3697.0
123 126 258.0
123 127 1704.0
123 130 359.0
123 131 408.0
123 132 328.0
123 134 965.0
123 144 1318.0
123 147 525.0
123 150 4431.0
123 154 3322.0
123 156 78.0
123 165 1840.0
124 83 2482.0
124 89 2374.0
124 92 2721.0
124 95 929.0
124 96 3407.0
124 97 298.0
124 99 1212.0
124 100 1429.0
124 101 3093.0
124 102 2706.0
124 103 3491.0
124 105 973.0
124 107 1377.0
124 113 3443.0
124 115 2430.0
124 116 1374.0
124 117 145.0
124 119 966.0
124 121 1854.0
124 122 846.0
124 123 3911.0
124 125 3126.0
124 128 3742.0
124 133 419.0
124 134 2946.0
124 135 3214.0
124 138 3533.0
124 143 1135.0
124 147 3386.0
124 150 520.0
124 151 1269.0
124 152 3452.0
124 155 2234.0
124 159 431.0
124 161 3655.0
124 164 1119.0
125 80 3412.0
125 81 213.0
125 86 118.0
125 87 633.0
125 90 147.0
125 91 764.0
125 101 33.0
125 102 420.0
125 108 2491.0
125 109 14.0
125 115 696.0
125 116 1752.0
125 118 2912.0
125 124 3126.0
125 126 527.0
125 127 919.0
125 128 616.0
125 130 1144.0
125 133 3545.0
125 138 407.0
125 141 545.0
125 145 1078.0
125 148 483.0
125 149 2624.0
125 151 1857.0
125 159 2695.0
125 161 529.0
125 165 1055.0
125 166 910.0
125 168 1627.0
126 81 314.0
126 82 1688.0
126 87 1160.0
126 90 380.0
126 95 2724.0
126 97 3355.0
126 99 2441.0
126 103 162.0
126 104 3957.0
126 107 2276.0
126 116 2279.0
126 125 527.0
126 138 120.0
126 139 2303.0
126 142 1304.0
126 143 2518.0
126 153 1306.0
126 156 180.0
126 158 1374.0
126 159 3222.0
126 163 1535.0
127 83 275.0
127 86 801.0
127 93 729.0
127 95 1278.0
127 104 2511.0
127 106 837.0
127 111 1168.0
127 112 2693.0
127 113 1236.0
127 122 1361.0
127 124 2207.0
127 126 1446.0
127 134 739.0
127 135 1007.0
127 136 1747.0
127 145 1997.0
127 148 1402.0
127 149 1705.0
127 153 140.0
127 156 1626.0
127 162 892.0
127 169 849.0
128 85 2014.0
128 88 25.0
128 91 1380.0
128 101 649.0
128 104 4046.0
128 107 2365.0
128 108 3107.0
128 111 367.0
128 117 3597.0
128 123 169.0
128 130 528.0
128 136 212.0
128 141 71.0
128 144 1149.0
128 147 356.0
128 153 1395.0
128 155 1508.0
128 157 2071.0
128 159 3311.0
128 160 2723.0
128 162 2427.0
128 168 2243.0
128 169 2384.0
128 171 3830.0
129 84 1978.0
129 87 862.0
129 90 1642.0
129 94 193.0
129 95 702.0
129 102 1075.0
129 104 1935.0
129 105 658.0
129 108 996.0
129 109 1481.0
129 110 599.0
129 111 1744.0
129 112 2117.0
129 114 2464.0
129 118 1417.0
129 119 665.0
129 121 223.0
129 123 2280.0
129 131 2688.0
129 134 1315.0
129 135 1583.0
129 136 2323.0
129 137 277.0
